2,3615,2607,1008
3,2787,1876,911
4,2418,1594,824
5,2179,1420,759
6,2065,1325,740
7,1908,1229,679
8,1843,1163,680
9,1758,1110,648
10,1744,1092,652
11,1658,1043,615
12,1620,1008,612
13,1626,1005,621
14,1540,960,580
15,1484,919,565
16,1482,909,573
17,1388,862,526
18,1412,874,537
19,1360,833,527
20,1360,834,526
21,1312,800,512
22,1277,784,493
23,1257,766,491
24,1257,766,491
25,1245,757,488
26,1199,727,472
27,1213,732,481
28,1153,702,451
29,1185,714,471
30,1133,682,450
31,1131,678,452
32,1103,666,436
33,1136,686,449
34,1096,661,433
35,1074,638,433
36,1046,626,416
37,1048,625,420
38,1025,607,414
39,1015,600,412
40,1022,604,415
41,994,587,403
42,998,592,404
43,957,563,388
44,928,551,369
45,983,578,401
46,909,536,367
47,885,522,358
48,921,536,376
49,876,511,356
50,899,524,364
51,857,503,344
52,805,467,320
53,846,493,343
54,826,476,337
55,813,470,329
56,818,475,324
57,789,456,314
58,777,444,310
59,792,454,318
60,753,433,301
61,721,408,291
62,697,401,277
63,677,387,262
64,694,394,274
65,695,390,279
66,653,367,258
67,647,366,253
68,630,354,244
69,652,368,259
70,666,373,261
71,588,332,221
72,572,319,210
73,549,308,205
74,535,299,198
75,542,304,194
76,534,295,196
77,522,288,186
78,526,289,187
79,527,291,189
80,499,272,177
81,500,274,171
82,476,260,160
83,440,242,143
84,443,240,144
85,403,217,123
86,393,214,117
87,416,224,125
88,353,189,98
89,361,193,95
90,346,182,90
91,354,188,91
92,322,169,73
93,296,155,61
94,268,139,44
95,267,138,42
96,256,131,35
97,240,124,27
98,233,118,20
99,209,105,6
100,200,100,0
2,1200,1100,100
3,1200,1100,100
4,1200,1100,100
5,1200,1100,100
6,1200,1100,100
7,1200,1100,100
8,1200,1100,100
9,1200,1100,100
10,1200,1100,100
11,1200,1100,100
12,1200,1100,100
13,1200,1100,100
14,1199,1099,100
15,1199,1099,100
16,1196,1096,100
17,1196,1096,100
18,1196,1096,100
19,1195,1095,100
20,1195,1095,100
21,1188,1088,100
22,1188,1088,100
23,1193,1093,100
24,1177,1077,100
25,1176,1076,100
26,1179,1079,100
27,1180,1080,100
28,1170,1070,100
29,1160,1060,100
30,1159,1059,100
31,1153,1053,100
32,1149,1049,100
33,1136,1036,100
34,1141,1041,100
35,1117,1017,100
36,1126,1026,100
37,1119,1019,100
38,1107,1007,100
39,1100,1000,100
40,1100,1000,100
41,1084,984,100
42,1072,972,100
43,1065,965,100
44,1052,952,100
45,1040,940,100
46,1046,946,100
47,1028,928,100
48,1027,927,100
49,1005,905,100
50,982,882,100
51,978,878,100
52,980,880,100
53,966,866,100
54,971,871,100
55,942,842,100
56,934,834,100
57,917,817,100
58,890,790,100
59,899,799,100
60,868,768,100
61,853,753,100
62,851,751,100
63,829,729,100
64,834,734,100
65,792,692,100
66,780,680,100
67,772,672,100
68,768,668,100
69,754,654,100
70,714,614,100
71,730,630,100
72,704,604,99
73,691,591,100
74,677,577,100
75,661,561,100
76,622,522,100
77,626,526,100
78,620,520,100
79,584,484,100
80,577,477,100
81,555,455,97
82,537,437,99
83,526,426,98
84,484,384,98
85,484,384,95
86,460,360,97
87,467,367,96
88,428,328,90
89,400,300,95
90,401,301,88
91,363,263,88
92,352,252,82
93,335,235,79
94,328,228,72
95,304,204,68
96,285,185,61
97,256,156,47
98,245,145,42
99,220,120,19
100,200,100,0
2,498,299,199
3,494,297,197
4,494,297,197
5,485,292,193
6,489,294,195
7,488,294,194
8,480,290,190
9,485,292,193
10,478,289,189
11,474,286,188
12,472,285,187
13,470,284,186
14,466,282,184
15,468,283,185
16,470,284,186
17,455,276,178
18,462,281,181
19,447,271,176
20,462,278,184
21,450,272,177
22,455,273,182
23,441,264,176
24,453,271,181
25,435,264,169
26,448,269,178
27,432,259,173
28,442,266,174
29,444,265,178
30,420,254,165
31,432,260,168
32,422,254,166
33,416,251,164
34,419,252,160
35,427,258,166
36,415,250,160
37,399,241,153
38,416,250,161
39,405,243,158
40,391,236,150
41,386,231,146
42,392,236,149
43,390,232,155
44,384,231,147
45,394,235,153
46,378,227,143
47,372,222,139
48,384,229,147
49,371,221,138
50,357,216,127
51,367,218,135
52,370,218,142
53,367,218,136
54,369,218,135
55,370,216,134
56,344,205,123
57,352,206,128
58,338,197,118
59,335,202,117
60,350,207,119
61,310,180,104
62,320,187,108
63,314,182,101
64,338,194,110
65,313,182,104
66,336,194,112
67,300,174,95
68,309,179,100
69,305,177,96
70,314,180,98
71,306,174,92
72,304,174,91
73,297,169,88
74,281,160,75
75,287,164,81
76,282,159,78
77,297,166,81
78,269,150,65
79,269,150,65
80,263,145,60
81,264,148,61
82,285,158,73
83,261,146,58
84,266,145,55
85,252,140,54
86,245,135,45
87,250,136,46
88,237,126,38
89,235,126,32
90,237,126,36
91,232,122,31
92,232,123,30
93,221,116,22
94,229,121,26
95,218,113,18
96,214,110,13
97,207,105,8
98,209,107,9
99,203,102,3
100,200,100,0
2,3118,2178,940
3,2460,1616,844
4,2060,1344,716
5,1948,1232,716
6,1948,1232,716
7,1716,1112,604
8,1612,1008,604
9,1612,1008,604
10,1612,1008,604
11,1612,1008,604
12,1612,1008,604
13,1400,900,500
14,1300,800,500
15,1300,800,500
16,1300,800,500
17,1300,800,500
18,1300,800,500
19,1300,800,500
20,1300,800,500
21,1300,800,500
22,1300,800,500
23,1300,800,500
24,1300,800,500
25,1100,700,400
26,1098,698,400
27,1000,600,400
28,1000,600,400
29,1000,600,400
30,1000,600,400
31,1000,600,400
32,1000,600,400
33,1000,600,400
34,1000,600,400
35,1000,600,400
36,1000,600,400
37,1000,600,400
38,1000,600,400
39,1000,600,400
40,1000,600,400
41,1000,600,400
42,1000,600,400
43,1000,600,400
44,1000,600,400
45,1000,600,400
46,1000,600,400
47,1000,600,400
48,1000,600,400
49,1000,600,400
50,800,500,300
51,799,499,300
52,700,400,300
53,700,400,300
54,700,400,300
55,700,400,300
56,700,400,300
57,700,400,300
58,700,400,300
59,700,400,300
60,700,400,300
61,700,400,300
62,700,400,300
63,700,400,300
64,700,400,300
65,700,400,300
66,700,400,300
67,700,400,300
68,700,400,300
69,700,400,300
70,700,400,300
71,700,400,300
72,700,400,300
73,700,400,300
74,700,400,300
75,700,400,300
76,700,400,300
77,700,400,300
78,700,400,300
79,700,400,300
80,700,400,300
81,700,400,300
82,700,400,300
83,700,400,300
84,700,400,300
85,700,400,300
86,700,400,300
87,700,400,300
88,700,400,300
89,700,400,300
90,700,400,300
91,700,400,300
92,700,400,300
93,700,400,300
94,700,400,300
95,700,400,300
96,700,400,300
97,700,400,300
98,700,400,300
99,700,400,300
100,200,100,0
2,1200,1100,100
3,1200,1100,100
4,1200,1100,100
5,1200,1100,100
6,1200,1100,100
7,1200,1100,100
8,1200,1100,100
9,1200,1100,100
10,1200,1100,100
11,1200,1100,100
12,1200,1100,100
13,1200,1100,100
14,1200,1100,100
15,1200,1100,100
16,1200,1100,100
17,1200,1100,100
18,1200,1100,100
19,1200,1100,100
20,1200,1100,100
21,1200,1100,100
22,1200,1100,100
23,1200,1100,100
24,1200,1100,100
25,1200,1100,100
26,1200,1100,100
27,1200,1100,100
28,1200,1100,100
29,1200,1100,100
30,1200,1100,100
31,1200,1100,100
32,1200,1100,100
33,1200,1100,100
34,1200,1100,100
35,1200,1100,100
36,1200,1100,100
37,1200,1100,100
38,1200,1100,100
39,1200,1100,100
40,1200,1100,100
41,1200,1100,100
42,1200,1100,100
43,1200,1100,100
44,1200,1100,100
45,1200,1100,100
46,1200,1100,100
47,1200,1100,100
48,1200,1100,100
49,1200,1100,100
50,1200,1100,100
51,1200,1100,100
52,1200,1100,100
53,1200,1100,100
54,1200,1100,100
55,1200,1100,100
56,1200,1100,100
57,1200,1100,100
58,1200,1100,100
59,1200,1100,100
60,1200,1100,100
61,1200,1100,100
62,1200,1100,100
63,1200,1100,100
64,1200,1100,100
65,1200,1100,100
66,1200,1100,100
67,1200,1100,100
68,1200,1100,100
69,1200,1100,100
70,1200,1100,100
71,1200,1100,100
72,1200,1100,100
73,1200,1100,100
74,1200,1100,100
75,1200,1100,100
76,1200,1100,100
77,1200,1100,100
78,1200,1100,100
79,1200,1100,100
80,1200,1100,100
81,1200,1100,100
82,1200,1100,100
83,1200,1100,100
84,1200,1100,100
85,1200,1100,100
86,1200,1100,100
87,1200,1100,100
88,1200,1100,100
89,1200,1100,100
90,1200,1100,100
91,1200,1100,100
92,1200,1100,100
93,1200,1100,100
94,1200,1100,100
95,1200,1100,100
96,1200,1100,100
97,1200,1100,100
98,1200,1100,100
99,1200,1100,100
100,200,100,0
2,498,299,199
3,496,298,198
4,496,298,198
5,491,295,196
6,487,293,194
7,487,293,194
8,485,292,193
9,479,289,190
10,477,288,189
11,477,288,189
12,475,287,188
13,469,284,185
14,467,283,184
15,461,280,181
16,460,279,181
17,460,279,181
18,459,278,181
19,457,276,181
20,456,275,181
21,452,273,179
22,451,273,178
23,448,271,177
24,448,271,177
25,447,270,177
26,445,269,176
27,443,268,175
28,443,268,175
29,439,266,173
30,421,257,164
31,413,253,160
32,413,253,160
33,413,253,160
34,411,252,159
35,410,251,159
36,410,251,159
37,410,251,159
38,410,251,159
39,404,249,155
40,401,247,154
41,401,247,154
42,401,247,154
43,398,244,154
44,398,244,154
45,397,244,153
46,397,244,153
47,391,238,153
48,389,236,153
49,389,236,153
50,389,236,153
51,387,234,153
52,383,230,153
53,381,228,153
54,367,215,152
55,351,203,148
56,348,202,146
57,348,202,145
58,345,200,142
59,345,200,141
60,341,200,140
61,339,200,139
62,339,200,138
63,339,200,137
64,338,200,136
65,338,200,135
66,338,200,134
67,338,200,133
68,338,200,132
69,337,200,131
70,337,200,130
71,334,200,129
72,333,200,128
73,333,200,127
74,327,200,126
75,327,200,125
76,323,200,123
77,322,200,122
78,321,200,121
79,320,200,120
80,320,200,120
81,318,200,118
82,318,200,118
83,316,200,116
84,316,200,116
85,315,200,115
86,313,200,113
87,313,200,113
88,313,200,112
89,313,200,111
90,311,200,110
91,311,200,109
92,311,200,108
93,307,200,107
94,306,200,106
95,306,200,105
96,304,200,104
97,304,200,103
98,302,200,102
99,301,200,101
100,200,100,0
